T     E/N       E-var/TT       M/N       M-var/T       Mabs/N       
      1.0000000     -1.9980000    0.015984000     0.99900000   0.0039960000     0.99900000
      1.0000000     -1.9970000    0.023964000     0.99875000   0.0044937500     0.99875000
      1.0000000     -1.9980000    0.015984000     0.99916667   0.0029972222     0.99916667
      1.0000000     -1.9975000    0.019975000     0.53362500   0.0027469375     0.99912500
      1.0000000     -1.9940000    0.047856000     0.29860000   0.0071806400     0.99780000
      1.0000000     -1.9940000    0.047856000     0.22525000   0.0064826389     0.99791667
      1.0000000     -1.9945714    0.043310694     0.33585714   0.0057004898     0.99814286
      1.0000000     -1.9947500    0.041889750     0.40918750   0.0056118594     0.99818750
      1.0000000     -1.9951111    0.039015506     0.25266667   0.0051000000     0.99833333
      1.0000000     -1.9956000    0.035122560     0.12740000   0.0045910000     0.99850000
      1.0000000     -1.9945455    0.043517355    0.028863636   0.0051692479     0.99822727
      1.0000000     -1.9946667    0.042552889    0.045458333   0.0054038264     0.99820833
      1.0000000     -1.9943077    0.045408852    0.051346154   0.0060615325     0.99803846
      1.0000000     -1.9945714    0.043310694   -0.023714286   0.0057004898     0.99814286
      1.0000000     -1.9945333    0.043613796   -0.088600000   0.0057193956     0.99813333
      1.0000000     -1.9947500    0.041889750    -0.14550000   0.0056118594     0.99818750
      1.0000000     -1.9950588    0.039431751    -0.19576471   0.0052824775     0.99829412
      1.0000000     -1.9953333    0.037246222    -0.24044444   0.0049896173     0.99838889
      1.0000000     -1.9955789    0.035290238    -0.28042105   0.0047275235     0.99847368
      1.0000000     -1.9957000    0.034326040    -0.31635000   0.0046910000     0.99850000
      1.0000000     -1.9959048    0.032694821    -0.34890476   0.0044680272     0.99857143
      1.0000000     -1.9959091    0.032660331    -0.37843182   0.0044917996     0.99856818
      1.0000000     -1.9959130    0.032628839    -0.39658696   0.0043833176     0.99858696
      1.0000000     -1.9960833    0.031271972    -0.33839583   0.0042009983     0.99864583
      1.0000000     -1.9962400    0.030023450    -0.28486000   0.0040332400     0.99870000
      1.0000000     -1.9962308    0.030097018    -0.24719231   0.0040700828     0.99869231
      1.0000000     -1.9962222    0.030165136    -0.27501852   0.0041041962     0.99868519
      1.0000000     -1.9962857    0.029659102    -0.30089286   0.0039933878     0.99871429
      1.0000000     -1.9963448    0.029187938    -0.27250000   0.0038902152     0.99874138
      1.0000000     -1.9962667    0.029810916    -0.23016667   0.0038602489     0.99873333
      1.0000000     -1.9962581    0.029879476    -0.20093548   0.0039933403     0.99870968
      1.0000000     -1.9961250    0.030939938    -0.20223437   0.0040866943     0.99867187
      1.0000000     -1.9960606    0.031453076    -0.22630303   0.0042349862     0.99863636
      1.0000000     -1.9961765    0.030529758    -0.24905882   0.0041106401     0.99867647
      1.0000000     -1.9962857    0.029659102    -0.27051429   0.0039933878     0.99871429
      1.0000000     -1.9960000    0.031936000    -0.25702778   0.0041592562     0.99863889
      1.0000000     -1.9961081    0.031074548    -0.22305405   0.0040470387     0.99867568
      1.0000000     -1.9961579    0.030677795    -0.22752632   0.0040457064     0.99868421
      1.0000000     -1.9961538    0.030710059    -0.24728205   0.0039931598     0.99869231
      1.0000000     -1.9962500    0.029943750    -0.26610000   0.0038934975     0.99872500
      1.0000000     -1.9960488    0.031547308    -0.23560976   0.0042364402     0.99863415
      1.0000000     -1.9960476    0.031556562    -0.20621429   0.0041831088     0.99864286
      1.0000000     -1.9960465    0.031565387    -0.21519767   0.0042018989     0.99863953
      1.0000000     -1.9961364    0.030849380    -0.23303409   0.0041065656     0.99867045
      1.0000000     -1.9960889    0.031227702    -0.25002222   0.0042148721     0.99864444
      1.0000000     -1.9961739    0.030550140    -0.26632609   0.0041234008     0.99867391
      1.0000000     -1.9961702    0.030579629    -0.27162766   0.0041418628     0.99867021
      1.0000000     -1.9960833    0.031271972    -0.26101042   0.0041386107     0.99865625
      1.0000000     -1.9960408    0.031610769    -0.27606122   0.0041151920     0.99865306
      1.0000000     -1.9961200    0.030979782    -0.29054000   0.0040330304     0.99868000
      1.0000000     -1.9961961    0.030373493    -0.30445098   0.0039540854     0.99870588
      1.0000000     -1.9961154    0.031016562    -0.31777885   0.0040122896     0.99868269
      1.0000000     -1.9961887    0.030432461    -0.33065094   0.0039367145     0.99870755
      1.0000000     -1.9962222    0.030165136    -0.34303704   0.0038823580     0.99872222
      1.0000000     -1.9962909    0.029617698    -0.35498182   0.0038118863     0.99874545
      1.0000000     -1.9963571    0.029089776    -0.36650000   0.0037439273     0.99876786
      1.0000000     -1.9964211    0.028580343    -0.37761404   0.0036783490     0.99878947
      1.0000000     -1.9962414    0.030012457    -0.36561207   0.0038384040     0.99873276
      1.0000000     -1.9960339    0.031665894    -0.35335593   0.0040606251     0.99866102
      1.0000000     -1.9961000    0.031139160    -0.33080000   0.0039930656     0.99868333
      1.0000000     -1.9960328    0.031674750    -0.34151639   0.0040420400     0.99866393
      1.0000000     -1.9960968    0.031164866    -0.35213710   0.0039769592     0.99868548
      1.0000000     -1.9960952    0.031177107    -0.34995238   0.0039930572     0.99868254
      1.0000000     -1.9961250    0.030939938    -0.32886719   0.0039463162     0.99869531
      1.0000000     -1.9961846    0.030464848    -0.30842308   0.0038857067     0.99871538
      1.0000000     -1.9961515    0.030728635    -0.31144697   0.0039175296     0.99870455
      1.0000000     -1.9962090    0.030270870    -0.32172388   0.0038591577     0.99872388
      1.0000000     -1.9962059    0.030295360    -0.33166912   0.0038317628     0.99872794
      1.0000000     -1.9961739    0.030550140    -0.34131884   0.0039063886     0.99871014
      1.0000000     -1.9961429    0.030797633    -0.35069286   0.0038933141     0.99870714
      1.0000000     -1.9961972    0.030364690    -0.35983803   0.0038385715     0.99872535
      1.0000000     -1.9962500    0.029943750    -0.36872917   0.0037853470     0.99874306
      1.0000000     -1.9962466    0.029971044    -0.37736301   0.0037608390     0.99874658
      1.0000000     -1.9962973    0.029566782    -0.38577703   0.0037101006     0.99876351
      1.0000000     -1.9963467    0.029173279    -0.39396667   0.0036607131     0.99878000
      1.0000000     -1.9963947    0.028790114    -0.40194079   0.0036126231     0.99879605
      1.0000000     -1.9964416    0.028416882    -0.40970779   0.0035657802     0.99881169
      1.0000000     -1.9964872    0.028053204    -0.41727564   0.0035201366     0.99882692
      1.0000000     -1.9964304    0.028505993    -0.42462025   0.0035639571     0.99881013
      1.0000000     -1.9963750    0.028947437    -0.41986875   0.0036815586     0.99878125
      1.0000000     -1.9964198    0.028590703    -0.40233951   0.0036361797     0.99879630
      1.0000000     -1.9964634    0.028242653    -0.38523780   0.0035919059     0.99881098
      1.0000000     -1.9964819    0.028095071    -0.36856024   0.0035967762     0.99881325
      1.0000000     -1.9965000    0.027951000    -0.35227381   0.0035658724     0.99882143
      1.0000000     -1.9965412    0.027622734    -0.33636471   0.0035239856     0.99883529
      1.0000000     -1.9965814    0.027302090    -0.32082558   0.0034830714     0.99884884
      1.0000000     -1.9965287    0.027721916    -0.31316092   0.0035577202     0.99882759
      1.0000000     -1.9965227    0.027769816    -0.30017045   0.0035399747     0.99882955
      1.0000000     -1.9964270    0.028533203    -0.28562921   0.0036346678     0.99879775
      1.0000000     -1.9964444    0.028393877    -0.27135000   0.0036054043     0.99880556
      1.0000000     -1.9964615    0.028257609    -0.25738462   0.0035767835     0.99881319
      1.0000000     -1.9964348    0.028470896    -0.25561413   0.0036355339     0.99879891
      1.0000000     -1.9964731    0.028165298    -0.24211290   0.0035965035     0.99881183
      1.0000000     -1.9965106    0.027866191    -0.22889894   0.0035583023     0.99882447
      1.0000000     -1.9965263    0.027741208    -0.21596842   0.0035313813     0.99883158
      1.0000000     -1.9964583    0.028283160    -0.20333854   0.0035464921     0.99881771
      1.0000000     -1.9962268    0.030128619    -0.19106186   0.0039521203     0.99871134
      1.0000000     -1.9962653    0.029821759    -0.17890816   0.0039118596     0.99872449
      1.0000000     -1.9963030    0.029521087    -0.16700000   0.0038724110     0.99873737
      1.0000000     -1.9961400    0.030820402    -0.15879500   0.0040230831     0.99868500
      1.0000000     -1.9961782    0.030515833    -0.16712376   0.0039833184     0.99869802
      1.0000000     -1.9960784    0.031311034    -0.17007843   0.0040713203     0.99866667
      1.0000000     -1.9961165    0.031007635    -0.15871845   0.0040318612     0.99867961
      1.0000000     -1.9961154    0.031016562    -0.14759135   0.0040410850     0.99867788
      1.0000000     -1.9961143    0.031025319    -0.13902381   0.0040786539     0.99867143
      1.0000000     -1.9960566    0.031484968    -0.14710849   0.0041154125     0.99865566
      1.0000000     -1.9960748    0.031340239    -0.15507009   0.0041143009     0.99865888
      1.0000000     -1.9961111    0.031050617    -0.16289352   0.0040762715     0.99867130
      1.0000000     -1.9961468    0.030766299    -0.17057339   0.0040389387     0.99868349
      1.0000000     -1.9961636    0.030632038    -0.17810909   0.0040113269     0.99869091
      1.0000000     -1.9961982    0.030356600    -0.18551351   0.0039752501     0.99870270
      1.0000000     -1.9962321    0.030086070    -0.19278571   0.0039398163     0.99871429
      1.0000000     -1.9962655    0.029820320    -0.19992920   0.0039050087     0.99872566
      1.0000000     -1.9962982    0.029559223    -0.20694737   0.0038708107     0.99873684
      1.0000000     -1.9962435    0.029995728    -0.20604783   0.0038804651     0.99872609
      1.0000000     -1.9962414    0.030012457    -0.21232328   0.0038642223     0.99872845
      1.0000000     -1.9962564    0.029892660    -0.21905128   0.0038397534     0.99873504
      1.0000000     -1.9962881    0.029639804    -0.22566949   0.0038072669     0.99874576
      1.0000000     -1.9962857    0.029659102    -0.23010084   0.0037920483     0.99874790
      1.0000000     -1.9962667    0.029810916    -0.21987917   0.0037853749     0.99874583
      1.0000000     -1.9962975    0.029565001    -0.20979752   0.0037541424     0.99875620
      1.0000000     -1.9962623    0.029845758    -0.21070902   0.0038051432     0.99874180
      1.0000000     -1.9962439    0.029992347    -0.21576423   0.0038472243     0.99873171
      1.0000000     -1.9962419    0.030008024    -0.21457661   0.0038564500     0.99872984
      1.0000000     -1.9962720    0.029768408    -0.20486000   0.0038256496     0.99874000
      1.0000000     -1.9963016    0.029532589    -0.19529762   0.0037953373     0.99875000
      1.0000000     -1.9963307    0.029300476    -0.18588583   0.0037655016     0.99875984
      1.0000000     -1.9963594    0.029071983    -0.17662109   0.0037361313     0.99876953
      1.0000000     -1.9963876    0.028847027    -0.16750000   0.0037072156     0.99877907
      1.0000000     -1.9962769    0.029729170    -0.15858462   0.0038397879     0.99873846
      1.0000000     -1.9962290    0.030111057    -0.16058779   0.0039170855     0.99871756
      1.0000000     -1.9962121    0.030245638    -0.16692803   0.0039554476     0.99870833
      1.0000000     -1.9961805    0.030498035    -0.17311654   0.0040007118     0.99869549
      1.0000000     -1.9962090    0.030270870    -0.17928731   0.0039709062     0.99870522
      1.0000000     -1.9961926    0.030401274    -0.18533704   0.0039858326     0.99870000
      1.0000000     -1.9962059    0.030295360    -0.19131985   0.0039859100     0.99870221
      1.0000000     -1.9962044    0.030307337    -0.19609854   0.0040151074     0.99869708
      1.0000000     -1.9961594    0.030665637    -0.19054710   0.0040438055     0.99868478
      1.0000000     -1.9960719    0.031362742    -0.18434173   0.0041581893     0.99865108
      1.0000000     -1.9960714    0.031366837    -0.17703571   0.0041641386     0.99865000
      1.0000000     -1.9960993    0.031144812    -0.18287234   0.0041346570     0.99865957
      1.0000000     -1.9960563    0.031487086    -0.18860211   0.0041827899     0.99864437
      1.0000000     -1.9960839    0.031267328    -0.19427622   0.0041535906     0.99865385
      1.0000000     -1.9960694    0.031382647    -0.19840278   0.0041455177     0.99865278
      1.0000000     -1.9960552    0.031496374    -0.19147931   0.0041788609     0.99864483
      1.0000000     -1.9960685    0.031390228    -0.19441096   0.0041571010     0.99865068
      1.0000000     -1.9960680    0.031393941    -0.18852721   0.0041627744     0.99864966
      1.0000000     -1.9960811    0.031289920    -0.18050000   0.0041414169     0.99865541
      1.0000000     -1.9961074    0.031080330    -0.17257718   0.0041136704     0.99866443
      1.0000000     -1.9961200    0.030979782    -0.17519333   0.0041128889     0.99866667
      1.0000000     -1.9961192    0.030986115    -0.18003974   0.0040988727     0.99866887
      1.0000000     -1.9961053    0.031097219    -0.18451645   0.0040915848     0.99866776
      1.0000000     -1.9961307    0.030894363    -0.18984641   0.0040648885     0.99867647
      1.0000000     -1.9961169    0.031004621    -0.18531169   0.0040968081     0.99866883
      1.0000000     -1.9961290    0.030907804    -0.19056452   0.0040768399     0.99867419
      1.0000000     -1.9961410    0.030812228    -0.19369872   0.0040571275     0.99867949
      1.0000000     -1.9961529    0.030717868    -0.18609873   0.0040376661     0.99868471
      1.0000000     -1.9961772    0.030523824    -0.17859177   0.0040121547     0.99869304
      1.0000000     -1.9962013    0.030332215    -0.17117925   0.0039869638     0.99870126
      1.0000000     -1.9962125    0.030242619    -0.16386875   0.0039683048     0.99870625
      1.0000000     -1.9962360    0.030055131    -0.15919876   0.0039436983     0.99871429
      1.0000000     -1.9962469    0.029968349    -0.16438580   0.0039255363     0.99871914
      1.0000000     -1.9962331    0.030078212    -0.16950000   0.0039381775     0.99871472
      1.0000000     -1.9962439    0.029992347    -0.17028963   0.0039385321     0.99871646
      1.0000000     -1.9962667    0.029810916    -0.16319697   0.0039147019     0.99872424
      1.0000000     -1.9962771    0.029727693    -0.15619277   0.0038971518     0.99872892
      1.0000000     -1.9962994    0.029550013    -0.14926946   0.0038738541     0.99873653
      1.0000000     -1.9963214    0.029374444    -0.14242857   0.0038508332     0.99874405
      1.0000000     -1.9962959    0.029578253    -0.14573373   0.0038870773     0.99873373
      1.0000000     -1.9963059    0.029498355    -0.14135000   0.0038701024     0.99873824
      1.0000000     -1.9963041    0.029512613    -0.14636550   0.0038591443     0.99873977
      1.0000000     -1.9963256    0.029341343    -0.15132849   0.0038367442     0.99874709
      1.0000000     -1.9963468    0.029172051    -0.15623410   0.0038146025     0.99875434
      1.0000000     -1.9963333    0.029279556    -0.16054023   0.0038098707     0.99875287
      1.0000000     -1.9962857    0.029659102    -0.15947143   0.0038735919     0.99873429
      1.0000000     -1.9962500    0.029943750    -0.16195739   0.0038969008     0.99872443
      1.0000000     -1.9962486    0.029955007    -0.16399153   0.0039200035     0.99872034
      1.0000000     -1.9962697    0.029787035    -0.15745225   0.0038980176     0.99872753
      1.0000000     -1.9962793    0.029709990    -0.15099162   0.0038985667     0.99872905
      1.0000000     -1.9962889    0.029633800    -0.14460278   0.0038991096     0.99873056
      1.0000000     -1.9962652    0.029822658    -0.14353039   0.0039492294     0.99871823
      1.0000000     -1.9962637    0.029834271    -0.14822527   0.0039384991     0.99871978
      1.0000000     -1.9962514    0.029932862    -0.14384973   0.0039333226     0.99871858
      1.0000000     -1.9962717    0.029770487    -0.13763315   0.0039119813     0.99872554
      1.0000000     -1.9962919    0.029609865    -0.13148378   0.0038908704     0.99873243
      1.0000000     -1.9962903    0.029622373    -0.12619086   0.0038806844     0.99873387
      1.0000000     -1.9962781    0.029719990    -0.12552941   0.0038759279     0.99873262
      1.0000000     -1.9962553    0.029901356    -0.12018617   0.0039083748     0.99872340
      1.0000000     -1.9962116    0.030249472    -0.11470635   0.0039351595     0.99871164
      1.0000000     -1.9962316    0.030090564    -0.10883947   0.0039144829     0.99871842
      1.0000000     -1.9962513    0.029933318    -0.10303403   0.0038940224     0.99872513
      1.0000000     -1.9962708    0.029777707   -0.097289062   0.0038737747     0.99873177
      1.0000000     -1.9962902    0.029623705   -0.091603627   0.0038537365     0.99873834
      1.0000000     -1.9963093    0.029471287   -0.085976804   0.0038339045     0.99874485
      1.0000000     -1.9962974    0.029565677   -0.084379487   0.0038295832     0.99874359
      1.0000000     -1.9963163    0.029415110   -0.089051020   0.0038100765     0.99875000
      1.0000000     -1.9963147    0.029427908   -0.092598985   0.0038312753     0.99874619
      1.0000000     -1.9963333    0.029279556   -0.087080808   0.0038119570     0.99875253
      1.0000000     -1.9963518    0.029132691   -0.081618090   0.0037928326     0.99875879
      1.0000000     -1.9963700    0.028987292   -0.076210000   0.0037738991     0.99876500
      1.0000000     -1.9963781    0.028922652   -0.073703980   0.0037601043     0.99876866
      1.0000000     -1.9963168    0.029411084   -0.078254950   0.0038402351     0.99874505
      1.0000000     -1.9963054    0.029502051   -0.082785714   0.0038508064     0.99874138
      1.0000000     -1.9963235    0.029357699   -0.087281863   0.0038319608     0.99874755
      1.0000000     -1.9963024    0.029525800   -0.085234146   0.0038473229     0.99874146
      1.0000000     -1.9963107    0.029460119   -0.079968447   0.0038335072     0.99874515
      1.0000000     -1.9963285    0.029318061   -0.074751208   0.0038150181     0.99875121
      1.0000000     -1.9963462    0.029177367   -0.069584135   0.0037967065     0.99875721
      1.0000000     -1.9963541    0.029114293   -0.064468900   0.0037833309     0.99876077
      1.0000000     -1.9963524    0.029127732   -0.059514286   0.0038033450     0.99875714
      1.0000000     -1.9963602    0.029065491   -0.063950237   0.0037900647     0.99876066
      1.0000000     -1.9963774    0.028928638   -0.058931604   0.0037722159     0.99876651
      1.0000000     -1.9963568    0.029092449   -0.061990610   0.0037872824     0.99876056
      1.0000000     -1.9963645    0.029031244   -0.066371495   0.0037742632     0.99876402
      1.0000000     -1.9963721    0.028970609   -0.062958140   0.0037613651     0.99876744
      1.0000000     -1.9963704    0.028984340   -0.058041667   0.0037531931     0.99876852
      1.0000000     -1.9963871    0.028851014   -0.053165899   0.0037359251     0.99877419
      1.0000000     -1.9964037    0.028718908   -0.048334862   0.0037188153     0.99877982
      1.0000000     -1.9964201    0.028588006   -0.043547945   0.0037018614     0.99878539
      1.0000000     -1.9964091    0.028675694   -0.038811364   0.0036986317     0.99878409
      1.0000000     -1.9964253    0.028546172   -0.034110860   0.0036819225     0.99878959
      1.0000000     -1.9963423    0.029207747   -0.029495495   0.0037686369     0.99876126
      1.0000000     -1.9963408    0.029219984   -0.033437220   0.0037741195     0.99876009
      1.0000000     -1.9963304    0.029303278   -0.034629464   0.0037706247     0.99875893
      1.0000000     -1.9962933    0.029598376   -0.036897778   0.0037804278     0.99875111
      1.0000000     -1.9963009    0.029538187   -0.038488938   0.0037681305     0.99875442
      1.0000000     -1.9962819    0.029689197   -0.034094714   0.0037690914     0.99875110
      1.0000000     -1.9962719    0.029768967   -0.036673246   0.0037788158     0.99874781
      1.0000000     -1.9962707    0.029778432   -0.039286026   0.0037710317     0.99874891
      1.0000000     -1.9962870    0.029649201   -0.034767391   0.0037546630     0.99875435
      1.0000000     -1.9963030    0.029521087   -0.030287879   0.0037384358     0.99875974
      1.0000000     -1.9963103    0.029462787   -0.027344828   0.0037266373     0.99876293
      1.0000000     -1.9963262    0.029336570   -0.031519313   0.0037106693     0.99876824
      1.0000000     -1.9962137    0.030233253   -0.035465812   0.0037970183     0.99873504
      1.0000000     -1.9962213    0.030172672   -0.039568085   0.0037851218     0.99873830
      1.0000000     -1.9962203    0.030180145   -0.043078390   0.0037775419     0.99873941
      1.0000000     -1.9962194    0.030187554   -0.041014768   0.0037952999     0.99873629
      1.0000000     -1.9962269    0.030127929   -0.045037815   0.0037835605     0.99873950
      1.0000000     -1.9962008    0.030335571   -0.044311715   0.0038136334     0.99873013
      1.0000000     -1.9962083    0.030275826   -0.039962500   0.0038019156     0.99873333
      1.0000000     -1.9962158    0.030216577   -0.035649378   0.0037902949     0.99873651
      1.0000000     -1.9962149    0.030223683   -0.031376033   0.0037952574     0.99873554
      1.0000000     -1.9962305    0.030099541   -0.027131687   0.0037796653     0.99874074
      1.0000000     -1.9962459    0.029976414   -0.022922131   0.0037642008     0.99874590
      1.0000000     -1.9962367    0.030049474   -0.018757143   0.0037854946     0.99874082
      1.0000000     -1.9962358    0.030057143   -0.018209350   0.0038025705     0.99873780
      1.0000000     -1.9962267    0.030129284   -0.022174089   0.0038235363     0.99873279
      1.0000000     -1.9962097    0.030265114   -0.026100806   0.0038483444     0.99872581
      1.0000000     -1.9962249    0.030143798   -0.030012048   0.0038329152     0.99873092
      1.0000000     -1.9962400    0.030023450   -0.033892000   0.0038176092     0.99873600
      1.0000000     -1.9962550    0.029904059   -0.037741036   0.0038024250     0.99874104
      1.0000000     -1.9962540    0.029912123   -0.041115079   0.0037952577     0.99874206
      1.0000000     -1.9962688    0.029794114   -0.037000000   0.0037802816     0.99874704
      1.0000000     -1.9962835    0.029677033   -0.032917323   0.0037654232     0.99875197
      1.0000000     -1.9962745    0.029748404   -0.036409804   0.0037858774     0.99874706
      1.0000000     -1.9962891    0.029632416   -0.040173828   0.0037711133     0.99875195
      1.0000000     -1.9962879    0.029641380   -0.041293774   0.0037642072     0.99875292
      1.0000000     -1.9963023    0.029526704   -0.045009690   0.0037496412     0.99875775
      1.0000000     -1.9963166    0.029412912   -0.048696911   0.0037351876     0.99876255
      1.0000000     -1.9962769    0.029729170   -0.046723077   0.0037706731     0.99875000
      1.0000000     -1.9962759    0.029737627   -0.042722222   0.0037753496     0.99874904
      1.0000000     -1.9962672    0.029806860   -0.038751908   0.0037952193     0.99874427
      1.0000000     -1.9962738    0.029754347   -0.034804183   0.0037845960     0.99874715
      1.0000000     -1.9962879    0.029641850   -0.030884470   0.0037702841     0.99875189
      1.0000000     -1.9962792    0.029710662   -0.027005660   0.0037786462     0.99874906
      1.0000000     -1.9962707    0.029778955   -0.024657895   0.0037756861     0.99874812
      1.0000000     -1.9962846    0.029667631   -0.028310861   0.0037615683     0.99875281
      1.0000000     -1.9962985    0.029557136   -0.029421642   0.0037475557     0.99875746
      1.0000000     -1.9962825    0.029684499   -0.025605948   0.0037484432     0.99875465
      1.0000000     -1.9962963    0.029574760   -0.021807407   0.0037345830     0.99875926
      1.0000000     -1.9962878    0.029642296   -0.023562731   0.0037318401     0.99875830
      1.0000000     -1.9962353    0.030060955   -0.025261029   0.0037730880     0.99874265
      1.0000000     -1.9962491    0.029951049   -0.028831502   0.0037592903     0.99874725
      1.0000000     -1.9962628    0.029841943   -0.032375912   0.0037455931     0.99875182
      1.0000000     -1.9962764    0.029733629   -0.035894545   0.0037319953     0.99875636
      1.0000000     -1.9962899    0.029626099   -0.039387681   0.0037184959     0.99876087
      1.0000000     -1.9963032    0.029519343   -0.042855596   0.0037050938     0.99876534
      1.0000000     -1.9963165    0.029413355   -0.046298561   0.0036917880     0.99876978
      1.0000000     -1.9963226    0.029365261   -0.048568100   0.0036821441     0.99877240
      1.0000000     -1.9963357    0.029260578   -0.044823214   0.0036690150     0.99877679
      1.0000000     -1.9963488    0.029156638   -0.041104982   0.0036559792     0.99878114
      1.0000000     -1.9963617    0.029053434   -0.037413121   0.0036430358     0.99878546
      1.0000000     -1.9963675    0.029007290   -0.038480565   0.0036337001     0.99878799
      1.0000000     -1.9963732    0.028961471   -0.035968310   0.0036349764     0.99878873
      1.0000000     -1.9963719    0.028971910   -0.033259649   0.0036292262     0.99878947
      1.0000000     -1.9963776    0.028926535   -0.036638112   0.0036200367     0.99879196
      1.0000000     -1.9963763    0.028937022   -0.038522648   0.0036248147     0.99879094
      1.0000000     -1.9963889    0.028836728   -0.034916667   0.0036122488     0.99879514
      1.0000000     -1.9964014    0.028737127   -0.031335640   0.0035997697     0.99879931
      1.0000000     -1.9964138    0.028638212   -0.027779310   0.0035873765     0.99880345
      1.0000000     -1.9964124    0.028649547   -0.024254296   0.0036024940     0.99880069
      1.0000000     -1.9963836    0.028879192   -0.022013699   0.0036311405     0.99879110
      1.0000000     -1.9963618    0.029052855   -0.023914676   0.0036664167     0.99878157
      1.0000000     -1.9963741    0.028954216   -0.020431973   0.0036539660     0.99878571
      1.0000000     -1.9963864    0.028856243   -0.016972881   0.0036415996     0.99878983
      1.0000000     -1.9963919    0.028812791   -0.019810811   0.0036427975     0.99879054
      1.0000000     -1.9963704    0.028984340   -0.020353535   0.0036573900     0.99878451
      1.0000000     -1.9963557    0.029101239   -0.021892617   0.0036584943     0.99878188
      1.0000000     -1.9963478    0.029164038   -0.025158863   0.0036562629     0.99878094
      1.0000000     -1.9963533    0.029120141   -0.028406667   0.0036474122     0.99878333
      1.0000000     -1.9963588    0.029076535   -0.031632890   0.0036386203     0.99878571
      1.0000000     -1.9963179    0.029402722   -0.031814570   0.0037223749     0.99876490
      1.0000000     -1.9963300    0.029305861   -0.035009901   0.0037101099     0.99876898
      1.0000000     -1.9963421    0.029209637   -0.038184211   0.0036979255     0.99877303
      1.0000000     -1.9963541    0.029114043   -0.041337705   0.0036858208     0.99877705
      1.0000000     -1.9963268    0.029331651   -0.044450980   0.0037128827     0.99876797
      1.0000000     -1.9963127    0.029443987   -0.043649837   0.0037235294     0.99876384
      1.0000000     -1.9963247    0.029348565   -0.040261364   0.0037114598     0.99876786
      1.0000000     -1.9963366    0.029253760   -0.036894822   0.0036994682     0.99877184
      1.0000000     -1.9963484    0.029159566   -0.033550000   0.0036875538     0.99877581
      1.0000000     -1.9963473    0.029168495   -0.032836013   0.0036917459     0.99877492
      1.0000000     -1.9963526    0.029126272   -0.032565705   0.0036831220     0.99877724
      1.0000000     -1.9963642    0.029033386   -0.035656550   0.0036713739     0.99878115
      1.0000000     -1.9963758    0.028941091   -0.038727707   0.0036597005     0.99878503
      1.0000000     -1.9963746    0.028950601   -0.041773016   0.0036734362     0.99878254
      1.0000000     -1.9963481    0.029161844   -0.040677215   0.0037091594     0.99877215
      1.0000000     -1.9963596    0.029070019   -0.037394322   0.0036974776     0.99877603
      1.0000000     -1.9963522    0.029129164   -0.036476415   0.0037140940     0.99877201
      1.0000000     -1.9963260    0.029337857   -0.038070533   0.0037399640     0.99876332
      1.0000000     -1.9963375    0.029246344   -0.041076562   0.0037282957     0.99876719
      1.0000000     -1.9963489    0.029155401   -0.044063863   0.0037166999     0.99877103
      1.0000000     -1.9963478    0.029164038   -0.047029503   0.0037113568     0.99877174
      1.0000000     -1.9963344    0.029271330   -0.044803406   0.0037307536     0.99876625
      1.0000000     -1.9963457    0.029181152   -0.041578704   0.0037192576     0.99877006
      1.0000000     -1.9963385    0.029238680   -0.042872308   0.0037262334     0.99876769
      1.0000000     -1.9963313    0.029295855   -0.045802147   0.0037331662     0.99876534
      1.0000000     -1.9963425    0.029206430   -0.048720183   0.0037217684     0.99876911
      1.0000000     -1.9963537    0.029117548   -0.051620427   0.0037104400     0.99877287
      1.0000000     -1.9963404    0.029223026   -0.052662614   0.0037385894     0.99876596
      1.0000000     -1.9963152    0.029424475   -0.049489394   0.0037544466     0.99875909
      1.0000000     -1.9963202    0.029383904   -0.047749245   0.0037461286     0.99876133
      1.0000000     -1.9963253    0.029343577   -0.044674699   0.0037468819     0.99876205
      1.0000000     -1.9963363    0.029255620   -0.041537538   0.0037356484     0.99876577
      1.0000000     -1.9963353    0.029263646   -0.040321856   0.0037394078     0.99876497
      1.0000000     -1.9963463    0.029176452   -0.043186567   0.0037282635     0.99876866
      1.0000000     -1.9963571    0.029089776   -0.046034226   0.0037171855     0.99877232
      1.0000000     -1.9963680    0.029003613   -0.048864985   0.0037061731     0.99877596
      1.0000000     -1.9963550    0.029106620   -0.051673077   0.0037070022     0.99877367
      1.0000000     -1.9963599    0.029067942   -0.054469027   0.0036990202     0.99877581
      1.0000000     -1.9963529    0.029123266   -0.055542647   0.0037145569     0.99877206
      1.0000000     -1.9963460    0.029178266   -0.053643695   0.0037212191     0.99876979
      1.0000000     -1.9963567    0.029093105   -0.050562865   0.0037103560     0.99877339
      1.0000000     -1.9963615    0.029054917   -0.051297376   0.0037024573     0.99877551
      1.0000000     -1.9963547    0.029109636   -0.050995640   0.0037003900     0.99877471
      1.0000000     -1.9963652    0.029025414   -0.053746377   0.0036896816     0.99877826
      1.0000000     -1.9963584    0.029079902   -0.051302023   0.0036963195     0.99877601
      1.0000000     -1.9963458    0.029180017   -0.049547550   0.0037057869     0.99877233
      1.0000000     -1.9963563    0.029096320   -0.052278736   0.0036951554     0.99877586
      1.0000000     -1.9963496    0.029150136   -0.054988539   0.0037017205     0.99877364
      1.0000000     -1.9963257    0.029340284   -0.053374286   0.0037424493     0.99876286
      1.0000000     -1.9963305    0.029302264   -0.054645299   0.0037346394     0.99876496
      1.0000000     -1.9963409    0.029219171   -0.051649148   0.0037240469     0.99876847
      1.0000000     -1.9963399    0.029226869   -0.048672805   0.0037191522     0.99876912
      1.0000000     -1.9963503    0.029144458   -0.045710452   0.0037086632     0.99877260
      1.0000000     -1.9963606    0.029062511   -0.042764789   0.0036982332     0.99877606
      1.0000000     -1.9963483    0.029160144   -0.041584270   0.0037242822     0.99876966
      1.0000000     -1.9963361    0.029257229   -0.044261905   0.0037334058     0.99876611
      1.0000000     -1.9962961    0.029576409   -0.045107542   0.0038065712     0.99874721
      1.0000000     -1.9962953    0.029582983   -0.044880223   0.0038098711     0.99874652
      1.0000000     -1.9962889    0.029633800   -0.047529167   0.0038075972     0.99874583
      1.0000000     -1.9962936    0.029596021   -0.050166205   0.0037998234     0.99874792
      1.0000000     -1.9962983    0.029558451   -0.052788674   0.0037920925     0.99875000
      1.0000000     -1.9962645    0.029828481   -0.054417355   0.0038365937     0.99873691
      1.0000000     -1.9962692    0.029790479   -0.051521978   0.0038288045     0.99873901
      1.0000000     -1.9962795    0.029709014   -0.048641096   0.0038183320     0.99874247
      1.0000000     -1.9962842    0.029671546   -0.046341530   0.0038188181     0.99874317
      1.0000000     -1.9962943    0.029590847   -0.048940054   0.0038084298     0.99874659
      1.0000000     -1.9962772    0.029727171   -0.051509511   0.0038116167     0.99874321
      1.0000000     -1.9962764    0.029733158   -0.054075881   0.0038148135     0.99874255
      1.0000000     -1.9962757    0.029739112   -0.053185135   0.0038179930     0.99874189
      1.0000000     -1.9962695    0.029788000   -0.054580863   0.0038238372     0.99873989
      1.0000000     -1.9962796    0.029708074   -0.057122312   0.0038135751     0.99874328
      1.0000000     -1.9962788    0.029714048   -0.058990617   0.0038247618     0.99874129
      1.0000000     -1.9962888    0.029634747   -0.056159091   0.0038145520     0.99874465
      1.0000000     -1.9962987    0.029555867   -0.053342667   0.0038043967     0.99874800
      1.0000000     -1.9963085    0.029477407   -0.050541223   0.0037942952     0.99875133
      1.0000000     -1.9963077    0.029483929   -0.047758621   0.0037974702     0.99875066
      1.0000000     -1.9963016    0.029532589   -0.046686508   0.0038111838     0.99874735
      1.0000000     -1.9962797    0.029707170   -0.047886544   0.0038406031     0.99873879
      1.0000000     -1.9962684    0.029796933   -0.050380263   0.0038646304     0.99873289
      1.0000000     -1.9962415    0.030011735   -0.049690289   0.0038885046     0.99872441
      1.0000000     -1.9962147    0.030225407   -0.047034031   0.0039200932     0.99871466
      1.0000000     -1.9962089    0.030271491   -0.046413838   0.0039333067     0.99871149
      1.0000000     -1.9962135    0.030234318   -0.043821615   0.0039334709     0.99871224
      1.0000000     -1.9961818    0.030487140   -0.045612987   0.0039828369     0.99869870
      1.0000000     -1.9961813    0.030490894   -0.048080311   0.0039776906     0.99869948
      1.0000000     -1.9961912    0.030412257   -0.050540052   0.0039674297     0.99870284
      1.0000000     -1.9961959    0.030375104   -0.049288660   0.0039675043     0.99870361
      1.0000000     -1.9962057    0.030297168   -0.046591260   0.0039573223     0.99870694
      1.0000000     -1.9962103    0.030260500   -0.046111538   0.0039497433     0.99870897
      1.0000000     -1.9962148    0.030224020   -0.048547315   0.0039422030     0.99871100
      1.0000000     -1.9961786    0.030513015   -0.048635204   0.0039779233     0.99869898
      1.0000000     -1.9961832    0.030476079   -0.051053435   0.0039779702     0.99869975
      1.0000000     -1.9961929    0.030398877   -0.053461929   0.0039678909     0.99870305
      1.0000000     -1.9961823    0.030483472   -0.052997468   0.0039831002     0.99869873
      1.0000000     -1.9961768    0.030527390   -0.050664141   0.0039881579     0.99869697
      1.0000000     -1.9961562    0.030691530   -0.051682620   0.0040233377     0.99868766
      1.0000000     -1.9961357    0.030854841   -0.052395729   0.0040357668     0.99868216
      1.0000000     -1.9961454    0.030777660   -0.054770677   0.0040256694     0.99868546
      1.0000000     -1.9961500    0.030740710   -0.054910000   0.0040181094     0.99868750
      1.0000000     -1.9961446    0.030783438   -0.056180798   0.0040304847     0.99868454
      1.0000000     -1.9961393    0.030825952   -0.056328358   0.0040278993     0.99868408
      1.0000000     -1.9961390    0.030828707   -0.057248139   0.0040228583     0.99868486
      1.0000000     -1.9961485    0.030752545   -0.059581683   0.0040129179     0.99868812
      1.0000000     -1.9961531    0.030716114   -0.061901235   0.0040128770     0.99868889
      1.0000000     -1.9961576    0.030679861   -0.064210591   0.0040054602     0.99869089
      1.0000000     -1.9961622    0.030643787   -0.062972973   0.0039980797     0.99869287
      1.0000000     -1.9961667    0.030607889   -0.060370098   0.0039980755     0.99869363
      1.0000000     -1.9961320    0.030883920   -0.060085575   0.0040175287     0.99868460
      1.0000000     -1.9961415    0.030808739   -0.057500000   0.0040077467     0.99868780
      1.0000000     -1.9961217    0.030966598   -0.057795620   0.0040271070     0.99868127
      1.0000000     -1.9961019    0.031123687   -0.060069175   0.0040536417     0.99867354
      1.0000000     -1.9961065    0.031087064   -0.062343826   0.0040462520     0.99867554
      1.0000000     -1.9960918    0.031204604   -0.060737923   0.0040485087     0.99867271
      1.0000000     -1.9960434    0.031590392   -0.061109639   0.0041396914     0.99864940
      1.0000000     -1.9960529    0.031514604   -0.058558894   0.0041297578     0.99865264
      1.0000000     -1.9960528    0.031515615   -0.057429257   0.0041318233     0.99865228
      1.0000000     -1.9960622    0.031440367   -0.059684211   0.0041219559     0.99865550
      1.0000000     -1.9960621    0.031441550   -0.057637232   0.0041168832     0.99865632
      1.0000000     -1.9960619    0.031442728   -0.055121429   0.0041118346     0.99865714
      1.0000000     -1.9960523    0.031519609   -0.052624703   0.0041399874     0.99865083
      1.0000000     -1.9960521    0.031520596   -0.053017773   0.0041420042     0.99865047
      1.0000000     -1.9960473    0.031559253   -0.052568558   0.0041463628     0.99864894
      1.0000000     -1.9960425    0.031597729   -0.054797170   0.0041577635     0.99864623
      1.0000000     -1.9960518    0.031523528   -0.057021176   0.0041479978     0.99864941
      1.0000000     -1.9960282    0.031711546   -0.059211268   0.0041616504     0.99864319
      1.0000000     -1.9960234    0.031749394   -0.057711944   0.0041659220     0.99864169
      1.0000000     -1.9960280    0.031712595   -0.055241822   0.0041585296     0.99864369
      1.0000000     -1.9960373    0.031638820   -0.052782051   0.0041488531     0.99864685
      1.0000000     -1.9960279    0.031713634   -0.054343023   0.0041484736     0.99864535
      1.0000000     -1.9960278    0.031714150   -0.055045244   0.0041434807     0.99864617
      1.0000000     -1.9960370    0.031640883   -0.052603009   0.0041339062     0.99864931
      1.0000000     -1.9960277    0.031715175   -0.052948037   0.0041473957     0.99864550
      1.0000000     -1.9960369    0.031642243   -0.050521889   0.0041378564     0.99864862
      1.0000000     -1.9960460    0.031569647   -0.048106897   0.0041283608     0.99865172
      1.0000000     -1.9960459    0.031570487   -0.045706422   0.0041303395     0.99865138
      1.0000000     -1.9960366    0.031644260   -0.043320366   0.0041437138     0.99864760
      1.0000000     -1.9960457    0.031572156   -0.040938356   0.0041342699     0.99865068
      1.0000000     -1.9960364    0.031645589   -0.042066059   0.0041475742     0.99864692
      1.0000000     -1.9960409    0.031610030   -0.039945455   0.0041472309     0.99864773
      1.0000000     -1.9960499    0.031538493   -0.037587302   0.0041378433     0.99865079
      1.0000000     -1.9960181    0.031791781   -0.037240950   0.0041758502     0.99863914
      1.0000000     -1.9960181    0.031792107   -0.034901806   0.0041709307     0.99863995
      1.0000000     -1.9960270    0.031720646   -0.032570946   0.0041615533     0.99864302
      1.0000000     -1.9960360    0.031649505   -0.030250562   0.0041522180     0.99864607
      1.0000000     -1.9960404    0.031614415   -0.027941704   0.0041451546     0.99864798
      1.0000000     -1.9960447    0.031579482   -0.025643177   0.0041381227     0.99864989
      1.0000000     -1.9960446    0.031580278   -0.025700893   0.0041400266     0.99864955
      1.0000000     -1.9960401    0.031616564   -0.027866370   0.0041441372     0.99864811
      1.0000000     -1.9960311    0.031688103   -0.029614444   0.0041504397     0.99864556
      1.0000000     -1.9960177    0.031794659   -0.029996674   0.0041721991     0.99863969
      1.0000000     -1.9960088    0.031865486   -0.028825221   0.0041916617     0.99863496
      1.0000000     -1.9960132    0.031830463   -0.029178808   0.0041912309     0.99863576
      1.0000000     -1.9960220    0.031760491   -0.026911894   0.0041820155     0.99863877
      1.0000000     -1.9960308    0.031690827   -0.024654945   0.0041728405     0.99864176
      1.0000000     -1.9960175    0.031796209   -0.025070175   0.0041943120     0.99863596
      1.0000000     -1.9960175    0.031796515   -0.027200219   0.0041960555     0.99863567
      1.0000000     -1.9960262    0.031727229   -0.029324236   0.0041869100     0.99863865
      1.0000000     -1.9960349    0.031658244   -0.031438998   0.0041778043     0.99864161
      1.0000000     -1.9960261    0.031728136   -0.032302174   0.0041969163     0.99863696
      1.0000000     -1.9960130    0.031832294   -0.034393709   0.0041986153     0.99863449
      1.0000000     -1.9960173    0.031798025   -0.036481602   0.0041981779     0.99863528
      1.0000000     -1.9960216    0.031763903   -0.038561555   0.0041912747     0.99863715
      1.0000000     -1.9960129    0.031832965   -0.040627155   0.0041908314     0.99863578
      1.0000000     -1.9960000    0.031936000   -0.041749462   0.0042054086     0.99863118
      1.0000000     -1.9959914    0.032004395   -0.041361588   0.0042177889     0.99862768
      1.0000000     -1.9960000    0.031936000   -0.039131692   0.0042087733     0.99863062
      1.0000000     -1.9959915    0.032004102   -0.038610043   0.0042082964     0.99862927
      1.0000000     -1.9959787    0.032105892   -0.038468017   0.0042163269     0.99862580
      1.0000000     -1.9959830    0.032071624   -0.036259574   0.0042094880     0.99862766
      1.0000000     -1.9959788    0.032105170   -0.034063694   0.0042132589     0.99862633
      1.0000000     -1.9959873    0.032037287   -0.031872881   0.0042043484     0.99862924
      1.0000000     -1.9959873    0.032037073   -0.029695560   0.0041996808     0.99863002
      1.0000000     -1.9959958    0.031969620   -0.027523207   0.0041908365     0.99863291
      1.0000000     -1.9959958    0.031969549   -0.026922105   0.0041862169     0.99863368
      1.0000000     -1.9960000    0.031936000   -0.025918067   0.0041858184     0.99863445
      1.0000000     -1.9960042    0.031902591   -0.023769392   0.0041854216     0.99863522
      1.0000000     -1.9959874    0.032036016   -0.025259414   0.0041891648     0.99863180
      1.0000000     -1.9959916    0.032002538   -0.027293319   0.0041825111     0.99863361
      1.0000000     -1.9960000    0.031936000   -0.029319792   0.0041738130     0.99863646
      1.0000000     -1.9960083    0.031869738   -0.031337838   0.0041651511     0.99863929
      1.0000000     -1.9960041    0.031902938   -0.033344398   0.0041627152     0.99863900
      1.0000000     -1.9960124    0.031837018   -0.035345756   0.0041541121     0.99864182
      1.0000000     -1.9960041    0.031903074   -0.037334711   0.0041537640     0.99864050
      1.0000000     -1.9960124    0.031837426   -0.039319588   0.0041452148     0.99864330
      1.0000000     -1.9960041    0.031903210   -0.038394033   0.0041510481     0.99864095
      1.0000000     -1.9960123    0.031837831   -0.036261807   0.0041425395     0.99864374
      1.0000000     -1.9960205    0.031772720   -0.035130123   0.0041340658     0.99864652
      1.0000000     -1.9960286    0.031707874   -0.037103272   0.0041256266     0.99864928
      1.0000000     -1.9960327    0.031675816   -0.036916327   0.0041192516     0.99865102
      1.0000000     -1.9960081    0.031871087   -0.035977597   0.0041392801     0.99864358
      1.0000000     -1.9960163    0.031806438   -0.037936992   0.0041308818     0.99864634
      1.0000000     -1.9960243    0.031742050   -0.039888438   0.0041225176     0.99864909
      1.0000000     -1.9960324    0.031677923   -0.041831984   0.0041141872     0.99865182
      1.0000000     -1.9960323    0.031678444   -0.041872727   0.0041099090     0.99865253
      1.0000000     -1.9960363    0.031646833   -0.040039315   0.0041036428     0.99865423
      1.0000000     -1.9960362    0.031647415   -0.038431590   0.0040994030     0.99865493
      1.0000000     -1.9960361    0.031647995   -0.036350402   0.0040951802     0.99865562
      1.0000000     -1.9960441    0.031584698   -0.034273547   0.0040869879     0.99865832
      1.0000000     -1.9960440    0.031585400   -0.032207000   0.0040828069     0.99865900
      1.0000000     -1.9960200    0.031776956   -0.032506986   0.0041084860     0.99865070
      1.0000000     -1.9960120    0.031840764   -0.031927291   0.0041261374     0.99864641
      1.0000000     -1.9960159    0.031809271   -0.033850895   0.0041199262     0.99864811
      1.0000000     -1.9960238    0.031746283   -0.035767857   0.0041117662     0.99865079
      1.0000000     -1.9960277    0.031715102   -0.034930693   0.0041115379     0.99865149
      1.0000000     -1.9960079    0.031873012   -0.033470356   0.0041349405     0.99864427
      1.0000000     -1.9960158    0.031810271   -0.035376726   0.0041267992     0.99864694
      1.0000000     -1.9960118    0.031841889   -0.037269685   0.0041304584     0.99864567
      1.0000000     -1.9959961    0.031967308   -0.037146365   0.0041517316     0.99863949
      1.0000000     -1.9960039    0.031904753   -0.035112745   0.0041436054     0.99864216
      1.0000000     -1.9960039    0.031904814   -0.035135029   0.0041452639     0.99864188
      1.0000000     -1.9960117    0.031842624   -0.037019531   0.0041371821     0.99864453
      1.0000000     -1.9960078    0.031873871   -0.037712476   0.0041466227     0.99864230
      1.0000000     -1.9960117    0.031842988   -0.036947471   0.0041405046     0.99864397
      1.0000000     -1.9960194    0.031781280   -0.034933981   0.0041324791     0.99864660
      1.0000000     -1.9960194    0.031781580   -0.035303295   0.0041341430     0.99864632
      1.0000000     -1.9960077    0.031874352   -0.033310445   0.0041415718     0.99864313
      1.0000000     -1.9960116    0.031843706   -0.031316602   0.0041355107     0.99864479
      1.0000000     -1.9960154    0.031813178   -0.029331407   0.0041352429     0.99864547
      1.0000000     -1.9960192    0.031782768   -0.030841346   0.0041292173     0.99864712
      1.0000000     -1.9960154    0.031813650   -0.032380038   0.0041270328     0.99864683
      1.0000000     -1.9960153    0.031813884   -0.030405172   0.0041286880     0.99864655
      1.0000000     -1.9960153    0.031814118   -0.028438815   0.0041246112     0.99864723
      1.0000000     -1.9960115    0.031844763   -0.030269084   0.0041224480     0.99864695
      1.0000000     -1.9959848    0.032057416   -0.031172381   0.0041544752     0.99863714
      1.0000000     -1.9959924    0.031996593   -0.033014259   0.0041465911     0.99863973
      1.0000000     -1.9959962    0.031966239   -0.032517078   0.0041463063     0.99864042
      1.0000000     -1.9959962    0.031966182   -0.030565341   0.0041535778     0.99863920
      1.0000000     -1.9960038    0.031905875   -0.028617202   0.0041457400     0.99864178
      1.0000000     -1.9960038    0.031905932   -0.026797170   0.0041416849     0.99864245
      1.0000000     -1.9960113    0.031845966   -0.028629944   0.0041338989     0.99864501
      1.0000000     -1.9960038    0.031906045   -0.029184211   0.0041505070     0.99864098
      1.0000000     -1.9960113    0.031846303   -0.027253283   0.0041427337     0.99864353
      1.0000000     -1.9960187    0.031786785   -0.025329588   0.0041349896     0.99864607
      1.0000000     -1.9960000    0.031936000   -0.023420561   0.0041458848     0.99864112
      1.0000000     -1.9960075    0.031876537   -0.021511194   0.0041381637     0.99864366
      1.0000000     -1.9960149    0.031817295   -0.019608939   0.0041304713     0.99864618
      1.0000000     -1.9960223    0.031758273   -0.017713755   0.0041228075     0.99864870
      1.0000000     -1.9960297    0.031699470   -0.015825603   0.0041151720     0.99865121
      1.0000000     -1.9960333    0.031670396   -0.013946296   0.0041149522     0.99865185
      1.0000000     -1.9960370    0.031641429   -0.012073013   0.0041091979     0.99865342
      1.0000000     -1.9960443    0.031583166   -0.010205720   0.0041016297     0.99865590
      1.0000000     -1.9960516    0.031525116  -0.0083453039   0.0040940894     0.99865838
      1.0000000     -1.9960551    0.031496576  -0.0064926471   0.0040884050     0.99865993
      1.0000000     -1.9960330    0.031672832  -0.0063330275   0.0041229902     0.99865046
      1.0000000     -1.9960366    0.031644127  -0.0068736264   0.0041172739     0.99865201
      1.0000000     -1.9960329    0.031673795  -0.0086572212   0.0041152150     0.99865174
      1.0000000     -1.9960401    0.031616110  -0.0068166058   0.0041077188     0.99865420
      1.0000000     -1.9960255    0.031732806  -0.0085774135   0.0041165745     0.99865027
      1.0000000     -1.9960327    0.031675225   -0.010380000   0.0041091031     0.99865273
      1.0000000     -1.9960399    0.031617852   -0.012176044   0.0041016587     0.99865517
      1.0000000     -1.9960181    0.031791651   -0.013947464   0.0041195059     0.99864855
      1.0000000     -1.9960181    0.031791912   -0.015725136   0.0041156669     0.99864919
      1.0000000     -1.9960253    0.031734640   -0.017501805   0.0041082510     0.99865162
      1.0000000     -1.9960288    0.031706289   -0.019271171   0.0041026539     0.99865315
      1.0000000     -1.9960288    0.031706702   -0.020042266   0.0041096378     0.99865198
      1.0000000     -1.9960359    0.031649891   -0.018210952   0.0041022727     0.99865440
      1.0000000     -1.9960287    0.031707524   -0.018059140   0.0041181638     0.99865054
      1.0000000     -1.9960179    0.031793458   -0.019808587   0.0041357772     0.99864580
      1.0000000     -1.9960250    0.031736798   -0.021558929   0.0041284050     0.99864821
      1.0000000     -1.9960321    0.031680338   -0.023303030   0.0041210590     0.99865062
      1.0000000     -1.9960391    0.031624079   -0.025040925   0.0041137391     0.99865302
      1.0000000     -1.9960462    0.031568020   -0.026772647   0.0041064451     0.99865542
      1.0000000     -1.9960461    0.031568672   -0.028494681   0.0041133233     0.99865426
      1.0000000     -1.9960531    0.031512909   -0.030214159   0.0041060558     0.99865664
      1.0000000     -1.9960530    0.031513657   -0.031439929   0.0041129104     0.99865548
      1.0000000     -1.9960564    0.031486294   -0.033147266   0.0041074235     0.99865697
      1.0000000     -1.9960634    0.031430970   -0.034849472   0.0041002048     0.99865933
      1.0000000     -1.9960703    0.031375840   -0.036545694   0.0040930114     0.99866169
      1.0000000     -1.9960702    0.031376822   -0.038233333   0.0040945870     0.99866140
      1.0000000     -1.9960771    0.031321980   -0.039917688   0.0040874286     0.99866375
      1.0000000     -1.9960734    0.031350915   -0.041592657   0.0040907474     0.99866259
      1.0000000     -1.9960733    0.031351937   -0.043262653   0.0040923187     0.99866230
      1.0000000     -1.9960767    0.031325189   -0.044928571   0.0040869345     0.99866376
      1.0000000     -1.9960452    0.031575700   -0.044601739   0.0041144913     0.99865391
      1.0000000     -1.9960486    0.031548657   -0.046259549   0.0041090875     0.99865538
      1.0000000     -1.9960555    0.031494088   -0.047912478   0.0041019785     0.99865771
      1.0000000     -1.9960623    0.031439708   -0.049559689   0.0040948941     0.99866003
      1.0000000     -1.9960622    0.031440565   -0.049565630   0.0040912699     0.99866062
      1.0000000     -1.9960655    0.031413941   -0.049155172   0.0040859432     0.99866207
      1.0000000     -1.9960379    0.031634280   -0.050775387   0.0041011966     0.99865491
      1.0000000     -1.9960412    0.031607416   -0.050689003   0.0040958713     0.99865636
      1.0000000     -1.9960480    0.031553308   -0.048886792   0.0040888581     0.99865866
      1.0000000     -1.9960342    0.031663119   -0.048894692   0.0041074711     0.99865325
      1.0000000     -1.9960274    0.031718069   -0.047659829   0.0041123820     0.99865128
      1.0000000     -1.9960341    0.031664050   -0.045872014   0.0041053766     0.99865358
      1.0000000     -1.9960409    0.031610215   -0.044090290   0.0040983951     0.99865588
      1.0000000     -1.9960476    0.031556562   -0.042314626   0.0040914374     0.99865816
      1.0000000     -1.9960374    0.031638378   -0.041136672   0.0041132835     0.99865280
      1.0000000     -1.9960305    0.031692905   -0.042156780   0.0041130673     0.99865169
      1.0000000     -1.9960372    0.031639385   -0.043777496   0.0041061201     0.99865398
      1.0000000     -1.9960405    0.031612966   -0.045000000   0.0041008764     0.99865541
      1.0000000     -1.9960438    0.031586636   -0.046226813   0.0040956504     0.99865683
      1.0000000     -1.9960404    0.031614054   -0.046708754   0.0040937908     0.99865657
      1.0000000     -1.9960403    0.031614595   -0.045301681   0.0040952989     0.99865630
      1.0000000     -1.9960403    0.031615134   -0.046900168   0.0040917774     0.99865688
      1.0000000     -1.9960469    0.031562283   -0.048496650   0.0040849356     0.99865913
      1.0000000     -1.9960535    0.031509607   -0.050087793   0.0040781166     0.99866137
      1.0000000     -1.9960434    0.031590136   -0.051666945   0.0040846223     0.99865860
      1.0000000     -1.9960333    0.031670396   -0.053241667   0.0040960972     0.99865500
      1.0000000     -1.9960266    0.031723871   -0.052871048   0.0041108617     0.99865141
      1.0000000     -1.9960266    0.031724223   -0.051220930   0.0041123239     0.99865116
      1.0000000     -1.9960232    0.031751003   -0.049592869   0.0041203968     0.99864925
      1.0000000     -1.9960199    0.031777694   -0.051161424   0.0041334009     0.99864652
      1.0000000     -1.9959934    0.031988681   -0.051328099   0.0041727183     0.99863554
      1.0000000     -1.9960000    0.031936000   -0.049593234   0.0041658448     0.99863779
      1.0000000     -1.9960033    0.031909746   -0.047864909   0.0041606325     0.99863921
      1.0000000     -1.9960099    0.031857368   -0.046141447   0.0041538015     0.99864145
      1.0000000     -1.9960099    0.031857497   -0.044425287   0.0041502592     0.99864204
      1.0000000     -1.9960033    0.031909875   -0.042721311   0.0041598076     0.99863934
      1.0000000     -1.9960033    0.031909918   -0.041018003   0.0041660692     0.99863830
      1.0000000     -1.9960098    0.031857882   -0.039316993   0.0041592740     0.99864052
      1.0000000     -1.9960098    0.031858009   -0.038844209   0.0041606309     0.99864029
      1.0000000     -1.9959902    0.032013863   -0.040325733   0.0041717022     0.99863518
      1.0000000     -1.9959967    0.031961912   -0.038634146   0.0041649310     0.99863740
      1.0000000     -1.9960000    0.031936000   -0.039939123   0.0041597963     0.99863880
      1.0000000     -1.9960000    0.031936000   -0.039949757   0.0041611436     0.99863857
      1.0000000     -1.9960000    0.031936000   -0.038269417   0.0041624865     0.99863835
      1.0000000     -1.9960065    0.031884510   -0.036592084   0.0041557740     0.99864055
      1.0000000     -1.9960032    0.031910297   -0.037512903   0.0041635553     0.99863871
      1.0000000     -1.9960097    0.031859014   -0.039062802   0.0041568626     0.99864090
      1.0000000     -1.9960000    0.031936000   -0.040599678   0.0041726295     0.99863666
      1.0000000     -1.9960064    0.031884841   -0.042139647   0.0041659438     0.99863884
      1.0000000     -1.9960096    0.031859384   -0.043673077   0.0041656722     0.99863942
      1.0000000     -1.9960160    0.031808511   -0.045203200   0.0041590190     0.99864160
      1.0000000     -1.9960032    0.031910543   -0.046720447   0.0041714868     0.99863738
      1.0000000     -1.9960064    0.031885167   -0.048240032   0.0041664318     0.99863876
      1.0000000     -1.9960096    0.031859872   -0.048059713   0.0041661612     0.99863933
      1.0000000     -1.9960032    0.031910665   -0.046398251   0.0041753958     0.99863672
      1.0000000     -1.9960063    0.031885409   -0.045939683   0.0041703586     0.99863810
      1.0000000     -1.9960032    0.031910745   -0.047243265   0.0041779812     0.99863629
      1.0000000     -1.9959905    0.032011645   -0.045809335   0.0041808241     0.99863370
      1.0000000     -1.9959747    0.032137400   -0.046106635   0.0041994211     0.99862796
      1.0000000     -1.9959811    0.032086812   -0.044456625   0.0041928092     0.99863013
      1.0000000     -1.9959780    0.032111670   -0.044737795   0.0042050640     0.99862756
      1.0000000     -1.9959811    0.032086338   -0.043772799   0.0042047362     0.99862814
      1.0000000     -1.9959717    0.032161152   -0.042142857   0.0042153553     0.99862480
      1.0000000     -1.9959718    0.032160799   -0.041305643   0.0042118775     0.99862539
      1.0000000     -1.9959687    0.032185386   -0.042301252   0.0042193395     0.99862363
      1.0000000     -1.9959750    0.032135198   -0.043797656   0.0042127586     0.99862578
      1.0000000     -1.9959813    0.032085166   -0.045289392   0.0042061982     0.99862793
      1.0000000     -1.9959875    0.032035289   -0.046776480   0.0041996582     0.99863006
      1.0000000     -1.9959844    0.032059918   -0.046436236   0.0042024357     0.99862908
      1.0000000     -1.9959907    0.032010236   -0.044811335   0.0041959218     0.99863121
      1.0000000     -1.9959969    0.031960707   -0.044320155   0.0041894281     0.99863333
      1.0000000     -1.9960000    0.031936000   -0.045798762   0.0041844940     0.99863467
      1.0000000     -1.9959907    0.032009891   -0.045290572   0.0041903521     0.99863215
      1.0000000     -1.9959938    0.031985185   -0.043678241   0.0041854318     0.99863349
      1.0000000     -1.9959969    0.031960555   -0.042071649   0.0041851408     0.99863405
      1.0000000     -1.9960031    0.031911483   -0.040468462   0.0041787135     0.99863615
      1.0000000     -1.9960092    0.031862562   -0.038870200   0.0041723060     0.99863825
      1.0000000     -1.9960061    0.031887116   -0.037279908   0.0041750872     0.99863727
      1.0000000     -1.9960061    0.031887191   -0.035693721   0.0041763368     0.99863706
      1.0000000     -1.9960122    0.031838532   -0.034110092   0.0041699623     0.99863914
      1.0000000     -1.9960061    0.031887340   -0.035380916   0.0041742527     0.99863740
      1.0000000     -1.9959939    0.031984585   -0.036846037   0.0041815622     0.99863415
      1.0000000     -1.9959726    0.032154298   -0.037385084   0.0042025062     0.99862709
      1.0000000     -1.9959514    0.032323492   -0.038202128   0.0042233861     0.99862006
      1.0000000     -1.9959575    0.032274542   -0.036626707   0.0042169889     0.99862215
      1.0000000     -1.9959394    0.032418894   -0.036003030   0.0042408136     0.99861515
      1.0000000     -1.9959455    0.032369949   -0.037461422   0.0042344095     0.99861725
      1.0000000     -1.9959486    0.032345222   -0.038914653   0.0042295268     0.99861858
      1.0000000     -1.9959427    0.032392675   -0.039922323   0.0042381919     0.99861614
      1.0000000     -1.9959488    0.032343990   -0.038356175   0.0042318206     0.99861822
      1.0000000     -1.9959429    0.032391301   -0.037776692   0.0042314502     0.99861729
      1.0000000     -1.9959429    0.032390618   -0.039000000   0.0042325908     0.99861712
      1.0000000     -1.9959490    0.032342155   -0.037442279   0.0042262565     0.99861919
      1.0000000     -1.9959431    0.032389257   -0.038012725   0.0042303789     0.99861751
      1.0000000     -1.9959432    0.032388579   -0.037668909   0.0042270399     0.99861809
      1.0000000     -1.9959403    0.032411687   -0.036122388   0.0042251951     0.99861791
      1.0000000     -1.9959463    0.032363482   -0.034578241   0.0042189096     0.99861997
      1.0000000     -1.9959464    0.032362846   -0.034111607   0.0042156026     0.99862054
      1.0000000     -1.9959525    0.032314856   -0.032575037   0.0042093500     0.99862259
      1.0000000     -1.9959585    0.032267008   -0.031043027   0.0042031159     0.99862463
      1.0000000     -1.9959615    0.032242910   -0.029516296   0.0041983736     0.99862593
      1.0000000     -1.9959675    0.032195309   -0.027993343   0.0041921742     0.99862796
      1.0000000     -1.9959734    0.032147849   -0.026474889   0.0041859930     0.99862999
      1.0000000     -1.9959794    0.032100529   -0.024960914   0.0041798300     0.99863201
      1.0000000     -1.9959705    0.032170695   -0.023457290   0.0041942392     0.99862813
      1.0000000     -1.9959735    0.032146915   -0.021952941   0.0041895448     0.99862941
      1.0000000     -1.9959794    0.032099804   -0.020452276   0.0041834037     0.99863142
      1.0000000     -1.9959853    0.032052832   -0.018956012   0.0041772807     0.99863343
      1.0000000     -1.9959912    0.032005997   -0.017464129   0.0041711755     0.99863543
      1.0000000     -1.9959795    0.032099086   -0.018486111   0.0041957020     0.99862939
      1.0000000     -1.9959737    0.032145375   -0.017714599   0.0041953953     0.99862847
      1.0000000     -1.9959534    0.032307676   -0.016241983   0.0042110683     0.99862245
      1.0000000     -1.9959447    0.032376721   -0.014770015   0.0042165464     0.99862009
      1.0000000     -1.9959302    0.032491888   -0.013561773   0.0042292518     0.99861555
      1.0000000     -1.9959187    0.032583590   -0.012099419   0.0042317847     0.99861321
      1.0000000     -1.9959217    0.032559558   -0.011231159   0.0042314439     0.99861377
      1.0000000     -1.9959247    0.032535595   -0.010199711   0.0042267705     0.99861505
      1.0000000     -1.9959249    0.032534729  -0.0091878613   0.0042235477     0.99861561
      1.0000000     -1.9959307    0.032487877   -0.010617605   0.0042174642     0.99861760
      1.0000000     -1.9959135    0.032624846   -0.010814841   0.0042358060     0.99861167
      1.0000000     -1.9959108    0.032646783   -0.012067626   0.0042426321     0.99861007
      1.0000000     -1.9958822    0.032874703   -0.012785201   0.0042665998     0.99860129
      1.0000000     -1.9958824    0.032873356   -0.011333572   0.0042633430     0.99860187
      1.0000000     -1.9958854    0.032849185   -0.012431232   0.0042586709     0.99860315
      1.0000000     -1.9958884    0.032825083   -0.013842632   0.0042582960     0.99860372
      1.0000000     -1.9958943    0.032778287   -0.015251429   0.0042522239     0.99860571
      1.0000000     -1.9958887    0.032822547   -0.016652639   0.0042561150     0.99860414
      1.0000000     -1.9958775    0.032912077   -0.018047721   0.0042670936     0.99860043
      1.0000000     -1.9958805    0.032888023   -0.019443812   0.0042624494     0.99860171
      1.0000000     -1.9958722    0.032954571   -0.019264205   0.0042762286     0.99859801
      1.0000000     -1.9958780    0.032907923   -0.017818440   0.0042701742     0.99860000
      1.0000000     -1.9958697    0.032974255   -0.018879603   0.0042754207     0.99859773
      1.0000000     -1.9958755    0.032927712   -0.020267327   0.0042693846     0.99859972
      1.0000000     -1.9958757    0.032926311   -0.021648305   0.0042661745     0.99860028
      1.0000000     -1.9958815    0.032879966   -0.023028209   0.0042601683     0.99860226
      1.0000000     -1.9958789    0.032901079   -0.021969014   0.0042710332     0.99860000
      1.0000000     -1.9958650    0.033011775   -0.022466948   0.0042874618     0.99859494
      1.0000000     -1.9958708    0.032965506   -0.021030899   0.0042814512     0.99859691
      1.0000000     -1.9958710    0.032964062   -0.019600281   0.0042782467     0.99859748
      1.0000000     -1.9958739    0.032940306   -0.018172969   0.0042736585     0.99859874
      1.0000000     -1.9958713    0.032961187   -0.016752448   0.0042718646     0.99859860
      1.0000000     -1.9958771    0.032915247   -0.015332402   0.0042659093     0.99860056
      1.0000000     -1.9958828    0.032869435   -0.013916318   0.0042599705     0.99860251
      1.0000000     -1.9958830    0.032868135   -0.012506267   0.0042609887     0.99860237
      1.0000000     -1.9958609    0.033044128   -0.011148122   0.0042772330     0.99859597
      1.0000000     -1.9958667    0.032998329  -0.0097437500   0.0042713033     0.99859792
      1.0000000     -1.9958724    0.032952656  -0.0083432732   0.0042653901     0.99859986
      1.0000000     -1.9958670    0.032995386  -0.0078857341   0.0042650023     0.99859903
      1.0000000     -1.9958645    0.033015960  -0.0092544952   0.0042632403     0.99859889
      1.0000000     -1.9958702    0.032970452   -0.010622928   0.0042573626     0.99860083
      1.0000000     -1.9958759    0.032925069   -0.011987586   0.0042515012     0.99860276
      1.0000000     -1.9958760    0.032923707   -0.013346419   0.0042525199     0.99860262
      1.0000000     -1.9958817    0.032878513   -0.014703576   0.0042466812     0.99860454
      1.0000000     -1.9958791    0.032899106   -0.013346154   0.0042531828     0.99860302
      1.0000000     -1.9958848    0.032854070   -0.011956104   0.0042473592     0.99860494
      1.0000000     -1.9958904    0.032809157   -0.010569863   0.0042415516     0.99860685
      1.0000000     -1.9958960    0.032764367  -0.0091874145   0.0042357598     0.99860876
      1.0000000     -1.9958989    0.032741467  -0.0098784153   0.0042354331     0.99860929
      1.0000000     -1.9959018    0.032718630   -0.011228513   0.0042310221     0.99861050
      1.0000000     -1.9959074    0.032674146   -0.012575613   0.0042252683     0.99861240
      1.0000000     -1.9959075    0.032673141   -0.013459864   0.0042263101     0.99861224
      1.0000000     -1.9959130    0.032628839   -0.012082880   0.0042205783     0.99861413
      1.0000000     -1.9959186    0.032584657   -0.010709634   0.0042148620     0.99861601
      1.0000000     -1.9959214    0.032562187  -0.0093407859   0.0042105087     0.99861721
      1.0000000     -1.9959215    0.032561339  -0.0092293640   0.0042075129     0.99861773
      1.0000000     -1.9959270    0.032517427   -0.010568243   0.0042018374     0.99861959
      1.0000000     -1.9959298    0.032495138   -0.011902159   0.0042015604     0.99862011
      1.0000000     -1.9959353    0.032451433   -0.013233827   0.0041959082     0.99862197
      1.0000000     -1.9959273    0.032515080   -0.014558546   0.0041969635     0.99862046
      1.0000000     -1.9959328    0.032471466   -0.015883065   0.0041913326     0.99862231
      1.0000000     -1.9959329    0.032470747   -0.017202685   0.0041883866     0.99862282
      1.0000000     -1.9959383    0.032427309   -0.018520107   0.0041827823     0.99862466
      1.0000000     -1.9959438    0.032383987   -0.019834003   0.0041771930     0.99862651
      1.0000000     -1.9959492    0.032340781   -0.021144385   0.0041716186     0.99862834
      1.0000000     -1.9959519    0.032318965   -0.022450601   0.0041673869     0.99862951
      1.0000000     -1.9959547    0.032297208   -0.023753333   0.0041631664     0.99863067
      1.0000000     -1.9959601    0.032254289   -0.025053262   0.0041576328     0.99863249
      1.0000000     -1.9959574    0.032275057   -0.026345745   0.0041680278     0.99863032
      1.0000000     -1.9959602    0.032253444   -0.027357902   0.0041638233     0.99863147
      1.0000000     -1.9959576    0.032274157   -0.025999337   0.0041662394     0.99863064
      1.0000000     -1.9959603    0.032252603   -0.024641060   0.0041620484     0.99863179
      1.0000000     -1.9959550    0.032294341   -0.025925265   0.0041736980     0.99862897
      1.0000000     -1.9959392    0.032420170   -0.026891678   0.0041905717     0.99862351
      1.0000000     -1.9959446    0.032377486   -0.028175462   0.0041850533     0.99862533
      1.0000000     -1.9959499    0.032334915   -0.029455863   0.0041795493     0.99862714
      1.0000000     -1.9959526    0.032313423   -0.030471053   0.0041793085     0.99862763
      1.0000000     -1.9959422    0.032396686   -0.031024967   0.0041816676     0.99862549
      1.0000000     -1.9959370    0.032437905   -0.031447507   0.0041892698     0.99862336
      1.0000000     -1.9959371    0.032437248   -0.031597641   0.0041863960     0.99862385
      1.0000000     -1.9959293    0.032499163   -0.032222513   0.0042070323     0.99861911
      1.0000000     -1.9959346    0.032456767   -0.033487582   0.0042015428     0.99862092
      1.0000000     -1.9959373    0.032435285   -0.033834856   0.0041973660     0.99862206
      1.0000000     -1.9959426    0.032393082   -0.032486962   0.0041919034     0.99862386
      1.0000000     -1.9959479    0.032350989   -0.031142578   0.0041864551     0.99862565
      1.0000000     -1.9959506    0.032329728   -0.029803641   0.0041823141     0.99862679
      1.0000000     -1.9959532    0.032308521   -0.028466883   0.0041781839     0.99862792
      1.0000000     -1.9959559    0.032287370   -0.027133593   0.0041740644     0.99862905
      1.0000000     -1.9959611    0.032245631   -0.025803109   0.0041686673     0.99863083
      1.0000000     -1.9959534    0.032307075   -0.025393273   0.0041890864     0.99862613
      1.0000000     -1.9959587    0.032265420   -0.026652455   0.0041836839     0.99862791
      1.0000000     -1.9959510    0.032326679   -0.027590968   0.0041963031     0.99862452
      1.0000000     -1.9959433    0.032387781   -0.027684278   0.0042011720     0.99862242
      1.0000000     -1.9959408    0.032407708   -0.028014801   0.0042073224     0.99862098
      1.0000000     -1.9959460    0.032366137   -0.026693445   0.0042019243     0.99862275
      1.0000000     -1.9959435    0.032386041   -0.025788190   0.0042080580     0.99862131
      1.0000000     -1.9959487    0.032344605   -0.027037179   0.0042026727     0.99862308
      1.0000000     -1.9959539    0.032303274   -0.028282971   0.0041973013     0.99862484
      1.0000000     -1.9959514    0.032323182   -0.027760870   0.0041995881     0.99862404
      1.0000000     -1.9959489    0.032343039   -0.026451469   0.0041980446     0.99862388
      1.0000000     -1.9959541    0.032301869   -0.025142219   0.0041926996     0.99862564
      1.0000000     -1.9959567    0.032281103   -0.023836943   0.0041886351     0.99862675
      1.0000000     -1.9959491    0.032341486   -0.023134224   0.0042048812     0.99862277
      1.0000000     -1.9959416    0.032401714   -0.022756036   0.0042134760     0.99862008
      1.0000000     -1.9959442    0.032380901   -0.023359772   0.0042094006     0.99862119
      1.0000000     -1.9959468    0.032360141   -0.022807351   0.0042053356     0.99862231
      1.0000000     -1.9959519    0.032319262   -0.024044304   0.0042000220     0.99862405
      1.0000000     -1.9959570    0.032278486   -0.025278129   0.0041947218     0.99862579
      1.0000000     -1.9959596    0.032257933   -0.026108586   0.0041944716     0.99862626
      1.0000000     -1.9959546    0.032297717   -0.024819672   0.0042017605     0.99862421
      1.0000000     -1.9959572    0.032277192   -0.024286524   0.0041977306     0.99862531
      1.0000000     -1.9959623    0.032236674   -0.025513836   0.0041924600     0.99862704
      1.0000000     -1.9959573    0.032276334   -0.025206030   0.0041959620     0.99862563
      1.0000000     -1.9959548    0.032295902   -0.026425972   0.0041944502     0.99862547
      1.0000000     -1.9959524    0.032315420   -0.025231203   0.0042041997     0.99862343
      1.0000000     -1.9959574    0.032275057   -0.023948060   0.0041989474     0.99862516
      1.0000000     -1.9959600    0.032254714   -0.022669375   0.0041986944     0.99862562
      1.0000000     -1.9959625    0.032234421   -0.021393258   0.0041947036     0.99862672
      1.0000000     -1.9959676    0.032194310   -0.020119701   0.0041894827     0.99862843
      1.0000000     -1.9959726    0.032154298   -0.018849315   0.0041842747     0.99863014
      1.0000000     -1.9959776    0.032114386   -0.017582090   0.0041790797     0.99863184
      1.0000000     -1.9959826    0.032074573   -0.016318012   0.0041738976     0.99863354
      1.0000000     -1.9959851    0.032054629   -0.015057692   0.0041699623     0.99863462
      1.0000000     -1.9959678    0.032192710   -0.013812887   0.0041758957     0.99863073
      1.0000000     -1.9959728    0.032152948   -0.012558168   0.0041707368     0.99863243
      1.0000000     -1.9959753    0.032132981   -0.011307169   0.0041668199     0.99863350
      1.0000000     -1.9959679    0.032191759   -0.011896296   0.0041678240     0.99863210
      1.0000000     -1.9959679    0.032191443   -0.013113440   0.0041651467     0.99863255
      1.0000000     -1.9959557    0.032289253   -0.013250000   0.0041796634     0.99862808
      1.0000000     -1.9959582    0.032269218   -0.012004920   0.0041794382     0.99862854
      1.0000000     -1.9959582    0.032268809   -0.010762899   0.0041767565     0.99862899
      1.0000000     -1.9959558    0.032287953  -0.0095245399   0.0041753017     0.99862883
      1.0000000     -1.9959583    0.032267993  -0.0082879902   0.0041714129     0.99862990
      1.0000000     -1.9959584    0.032267587  -0.0090783354   0.0041687509     0.99863035
      1.0000000     -1.9959633    0.032228220   -0.010289731   0.0041636638     0.99863203
      1.0000000     -1.9959683    0.032188948   -0.011498168   0.0041585891     0.99863370
      1.0000000     -1.9959732    0.032149773   -0.012703659   0.0041535267     0.99863537
      1.0000000     -1.9959635    0.032227152   -0.011792935   0.0041557449     0.99863337
      1.0000000     -1.9959659    0.032207411   -0.012503041   0.0041519083     0.99863443
      1.0000000     -1.9959587    0.032265169   -0.012896112   0.0041565532     0.99863244
      1.0000000     -1.9959539    0.032303448   -0.012045510   0.0041636140     0.99863046
      1.0000000     -1.9959588    0.032264371   -0.013243030   0.0041585762     0.99863212
      1.0000000     -1.9959564    0.032283266   -0.014434625   0.0041571628     0.99863196
      1.0000000     -1.9959492    0.032340652   -0.015621524   0.0041690207     0.99862878
      1.0000000     -1.9959493    0.032340164   -0.016808575   0.0041700135     0.99862862
      1.0000000     -1.9959493    0.032339676   -0.016836550   0.0041673917     0.99862907
      1.0000000     -1.9959542    0.032300792   -0.015611446   0.0041623798     0.99863072
      1.0000000     -1.9959567    0.032281177   -0.014389892   0.0041585768     0.99863177
      1.0000000     -1.9959543    0.032299915   -0.013174279   0.0041607727     0.99863101
      1.0000000     -1.9959424    0.032395127   -0.012145858   0.0041713338     0.99862725
      1.0000000     -1.9959472    0.032356363   -0.010932254   0.0041663412     0.99862890
      1.0000000     -1.9959521    0.032317691  -0.0097215569   0.0041613606     0.99863054
      1.0000000     -1.9959545    0.032298174  -0.0085149522   0.0041611634     0.99863098
      1.0000000     -1.9959594    0.032259664  -0.0073100358   0.0041562009     0.99863262
      1.0000000     -1.9959594    0.032259277  -0.0078478520   0.0041536237     0.99863305
      1.0000000     -1.9959595    0.032258892  -0.0090280095   0.0041581910     0.99863230
      1.0000000     -1.9959643    0.032220566   -0.010207738   0.0041532497     0.99863393
      1.0000000     -1.9959691    0.032182331   -0.011384661   0.0041483201     0.99863555
      1.0000000     -1.9959739    0.032144187   -0.012558789   0.0041434022     0.99863717
      1.0000000     -1.9959668    0.032200650   -0.011615065   0.0041479470     0.99863523
      1.0000000     -1.9959668    0.032200337   -0.010418246   0.0041489460     0.99863507
      1.0000000     -1.9959716    0.032162307  -0.0092224852   0.0041440448     0.99863669
      1.0000000     -1.9959740    0.032143203   -0.010129433   0.0041403308     0.99863771
      1.0000000     -1.9959693    0.032180587  -0.0096818182   0.0041472191     0.99863577
      1.0000000     -1.9959741    0.032142714  -0.0084911557   0.0041423372     0.99863738
      1.0000000     -1.9959741    0.032142471  -0.0073044759   0.0041398098     0.99863781
      1.0000000     -1.9959765    0.032123480  -0.0061200000   0.0041361182     0.99863882
      1.0000000     -1.9959624    0.032235614  -0.0059206816   0.0041511726     0.99863396
      1.0000000     -1.9959554    0.032291372  -0.0047441315   0.0041521456     0.99863263
      1.0000000     -1.9959578    0.032272274  -0.0035668230   0.0041484526     0.99863365
      1.0000000     -1.9959602    0.032253221  -0.0044162763   0.0041482747     0.99863407
      1.0000000     -1.9959649    0.032215574  -0.0055807018   0.0041434316     0.99863567
      1.0000000     -1.9959673    0.032196631  -0.0067412383   0.0041432600     0.99863610
      1.0000000     -1.9959603    0.032252110  -0.0061913652   0.0041442366     0.99863477
      1.0000000     -1.9959650    0.032214597  -0.0050186480   0.0041394151     0.99863636
      1.0000000     -1.9959534    0.032307027  -0.0052013970   0.0041531677     0.99863213
      1.0000000     -1.9959581    0.032269537  -0.0040325581   0.0041483471     0.99863372
      1.0000000     -1.9959396    0.032417212  -0.0045226481   0.0041620445     0.99862834
      1.0000000     -1.9959443    0.032379681  -0.0042320186   0.0041572248     0.99862993
      1.0000000     -1.9959467    0.032360702  -0.0036900348   0.0041535687     0.99863094
      1.0000000     -1.9959444    0.032378654  -0.0048396991   0.0041556891     0.99863021
      1.0000000     -1.9959445    0.032378143  -0.0042109827   0.0041531930     0.99863064
      1.0000000     -1.9959400    0.032414434  -0.0035802540   0.0041599152     0.99862875
      1.0000000     -1.9959446    0.032377123  -0.0024227220   0.0041551258     0.99863033
      1.0000000     -1.9959493    0.032339898  -0.0012678571   0.0041503474     0.99863191
      1.0000000     -1.9959540    0.032302758 -0.00011565017   0.0041455800     0.99863349
      1.0000000     -1.9959586    0.032265703  0.00039022989   0.0041408236     0.99863506
      1.0000000     -1.9959403    0.032411687  0.00047359357   0.0041681245     0.99862744
      1.0000000     -1.9959450    0.032374593 -0.00067373853   0.0041633531     0.99862901
      1.0000000     -1.9959496    0.032337584  -0.0018184422   0.0041585927     0.99863058
      1.0000000     -1.9959542    0.032300660  -0.0029605263   0.0041538432     0.99863215
      1.0000000     -1.9959543    0.032300243  -0.0040988571   0.0041513777     0.99863257
      1.0000000     -1.9959566    0.032281636  -0.0052345890   0.0041512009     0.99863299
      1.0000000     -1.9959612    0.032244902  -0.0063688712   0.0041464760     0.99863455
      1.0000000     -1.9959590    0.032262699  -0.0074988610   0.0041451601     0.99863440
      1.0000000     -1.9959636    0.032226070  -0.0086279863   0.0041404528     0.99863595
      1.0000000     -1.9959682    0.032189523  -0.0097545455   0.0041357562     0.99863750
      1.0000000     -1.9959659    0.032207323  -0.0088501703   0.0041378559     0.99863678
      1.0000000     -1.9959683    0.032188948  -0.0077069161   0.0041343005     0.99863776
      1.0000000     -1.9959615    0.032242803  -0.0067757644   0.0041352585     0.99863647
      1.0000000     -1.9959570    0.032278508  -0.0078947964   0.0041350892     0.99863575
      1.0000000     -1.9959616    0.032242109  -0.0090158192   0.0041304252     0.99863729
      1.0000000     -1.9959639    0.032223778   -0.010133747   0.0041268942     0.99863826
      1.0000000     -1.9959594    0.032259385   -0.010271139   0.0041334870     0.99863641
      1.0000000     -1.9959595    0.032259020  -0.0091356982   0.0041378250     0.99863570
      1.0000000     -1.9959618    0.032240732  -0.0080016873   0.0041376661     0.99863611
      1.0000000     -1.9959596    0.032258295  -0.0070674157   0.0041431071     0.99863483
      1.0000000     -1.9959641    0.032222163  -0.0081818182   0.0041384655     0.99863636
      1.0000000     -1.9959596    0.032257572  -0.0084147982   0.0041450083     0.99863453
      1.0000000     -1.9959642    0.032221522  -0.0072855543   0.0041403750     0.99863606
      1.0000000     -1.9959463    0.032363801  -0.0076208054   0.0041535758     0.99863087
      1.0000000     -1.9959419    0.032398932  -0.0080921788   0.0041567339     0.99862961
      1.0000000     -1.9959330    0.032469553  -0.0073878348   0.0041654470     0.99862667
      1.0000000     -1.9959309    0.032486723  -0.0063656633   0.0041641377     0.99862653
      1.0000000     -1.9959354    0.032450620  -0.0052449889   0.0041595090     0.99862806
      1.0000000     -1.9959355    0.032450048  -0.0041279199   0.0041571031     0.99862848
      1.0000000     -1.9959378    0.032431771  -0.0030127778   0.0041535974     0.99862944
      1.0000000     -1.9959423    0.032395849  -0.0018995560   0.0041489958     0.99863097
      1.0000000     -1.9959424    0.032395339  -0.0020271619   0.0041466095     0.99863137
      1.0000000     -1.9959402    0.032412477  -0.0031306755   0.0041453298     0.99863123
      1.0000000     -1.9959447    0.032376696  -0.0042334071   0.0041407525     0.99863274
      1.0000000     -1.9959470    0.032358601  -0.0053325967   0.0041405932     0.99863315
      1.0000000     -1.9959492    0.032340546  -0.0064299117   0.0041371289     0.99863411
      1.0000000     -1.9959515    0.032322531  -0.0075248071   0.0041336723     0.99863506
      1.0000000     -1.9959537    0.032304555  -0.0065137665   0.0041302234     0.99863601
      1.0000000     -1.9959538    0.032304150  -0.0067288229   0.0041278761     0.99863641
      1.0000000     -1.9959538    0.032303745  -0.0068164835   0.0041288246     0.99863626
      1.0000000     -1.9959451    0.032373310  -0.0057727772   0.0041439992     0.99863227
      1.0000000     -1.9959386    0.032425248  -0.0056557018   0.0041481994     0.99863048
      1.0000000     -1.9959343    0.032459619  -0.0046193866   0.0041513012     0.99862924
      1.0000000     -1.9959387    0.032424178  -0.0035202407   0.0041467675     0.99863074
      1.0000000     -1.9959410    0.032406229  -0.0039961749   0.0041466033     0.99863115
      1.0000000     -1.9959454    0.032370923  -0.0050835153   0.0041420846     0.99863264
      1.0000000     -1.9959389    0.032422581  -0.0061641221   0.0041527952     0.99862977
      1.0000000     -1.9959412    0.032404692  -0.0072461874   0.0041493630     0.99863072
      1.0000000     -1.9959456    0.032369503  -0.0083264418   0.0041448561     0.99863221
      1.0000000     -1.9959478    0.032351711  -0.0072831522   0.0041414400     0.99863315
      1.0000000     -1.9959522    0.032316655  -0.0061894680   0.0041369514     0.99863464
      1.0000000     -1.9959501    0.032333526  -0.0051014100   0.0041454522     0.99863286
      1.0000000     -1.9959545    0.032298566  -0.0040124594   0.0041409690     0.99863434
      1.0000000     -1.9959589    0.032263682  -0.0029258658   0.0041364955     0.99863582
      1.0000000     -1.9959632    0.032228872  -0.0018416216   0.0041320316     0.99863730
      1.0000000     -1.9959676    0.032194138 -0.00075971922   0.0041275774     0.99863877
      1.0000000     -1.9959720    0.032159479  0.00031984898   0.0041231328     0.99864024
      1.0000000     -1.9959741    0.032142066   0.0013965517   0.0041197694     0.99864116
      1.0000000     -1.9959742    0.032141844   0.0024703983   0.0041174839     0.99864155
      1.0000000     -1.9959699    0.032175893   0.0020010753   0.0041237821     0.99863978
      1.0000000     -1.9959742    0.032141402  0.00092481203   0.0041193606     0.99864125
      1.0000000     -1.9959721    0.032158280   0.0015305794   0.0041181500     0.99864109
      1.0000000     -1.9959743    0.032140962  0.00058092176   0.0041148100     0.99864202
      1.0000000     -1.9959764    0.032123681 -0.00048982869   0.0041114772     0.99864293
      1.0000000     -1.9959786    0.032106437  -0.0015582888   0.0041081515     0.99864385
      1.0000000     -1.9959829    0.032072204  -0.0026250000   0.0041037703     0.99864530
      1.0000000     -1.9959829    0.032072059  -0.0036168623   0.0041015213     0.99864568
      1.0000000     -1.9959744    0.032139869  -0.0027030917   0.0041130959     0.99864232
      1.0000000     -1.9959723    0.032156623  -0.0030457934   0.0041119010     0.99864217
      1.0000000     -1.9959766    0.032122483  -0.0041063830   0.0041075345     0.99864362
      1.0000000     -1.9959787    0.032105350  -0.0031216791   0.0041042342     0.99864453
      1.0000000     -1.9959639    0.032223587  -0.0032510616   0.0041316399     0.99863747
      1.0000000     -1.9959682    0.032189485  -0.0043080594   0.0041272664     0.99863892
      1.0000000     -1.9959725    0.032155455  -0.0053628178   0.0041229021     0.99864036
      1.0000000     -1.9959767    0.032121496  -0.0064153439   0.0041185471     0.99864180
      1.0000000     -1.9959725    0.032154991  -0.0063446089   0.0041215721     0.99864059
      1.0000000     -1.9959768    0.032121104  -0.0052819430   0.0041172277     0.99864203
      1.0000000     -1.9959726    0.032154529  -0.0056545359   0.0041202477     0.99864082
      1.0000000     -1.9959747    0.032137506  -0.0045953635   0.0041169618     0.99864173
      1.0000000     -1.9959747    0.032137294  -0.0043352632   0.0041178819     0.99864158
      1.0000000     -1.9959706    0.032170596  -0.0042318612   0.0041240406     0.99863985
      1.0000000     -1.9959706    0.032170349  -0.0052752101   0.0041249513     0.99863971
      1.0000000     -1.9959622    0.032236989  -0.0063137461   0.0041268924     0.99863799
      1.0000000     -1.9959665    0.032203266  -0.0073553459   0.0041225742     0.99863941
      1.0000000     -1.9959686    0.032186300  -0.0063937173   0.0041224423     0.99863979
      1.0000000     -1.9959728    0.032152700  -0.0053410042   0.0041181378     0.99864121
      1.0000000     -1.9959749    0.032135822  -0.0042910136   0.0041148816     0.99864211
      1.0000000     -1.9959687    0.032185516  -0.0035511482   0.0041220366     0.99863987
      1.0000000     -1.9959583    0.032268339  -0.0025130344   0.0041343733     0.99863608
      1.0000000     -1.9959604    0.032251394  -0.0034005208   0.0041311104     0.99863698
      1.0000000     -1.9959646    0.032217901  -0.0044375650   0.0041268193     0.99863840
      1.0000000     -1.9959688    0.032184478  -0.0054724532   0.0041225372     0.99863981
      1.0000000     -1.9959730    0.032151125  -0.0065051921   0.0041182639     0.99864123
      1.0000000     -1.9959772    0.032117840  -0.0075357884   0.0041139995     0.99864263
      1.0000000     -1.9959813    0.032084625  -0.0085642487   0.0041097440     0.99864404
      1.0000000     -1.9959855    0.032051477  -0.0095905797   0.0041054972     0.99864545
      1.0000000     -1.9959793    0.032100797  -0.0087854188   0.0041156921     0.99864271
      1.0000000     -1.9959814    0.032084164  -0.0081549587   0.0041124754     0.99864360
      1.0000000     -1.9959773    0.032116902  -0.0074819401   0.0041185252     0.99864190
      1.0000000     -1.9959773    0.032116715  -0.0085041237   0.0041163376     0.99864227
      1.0000000     -1.9959815    0.032083706  -0.0095252317   0.0041121059     0.99864367
      1.0000000     -1.9959774    0.032116344  -0.0093585391   0.0041150566     0.99864249
      1.0000000     -1.9959815    0.032083403  -0.0083211716   0.0041108350     0.99864388
      1.0000000     -1.9959733    0.032148695  -0.0080087269   0.0041127487     0.99864220
      1.0000000     -1.9959774    0.032115789  -0.0090261538   0.0041085380     0.99864359
      1.0000000     -1.9959775    0.032115605   -0.010040471   0.0041063741     0.99864395
      1.0000000     -1.9959754    0.032131731   -0.010860798   0.0041052325     0.99864381
      1.0000000     -1.9959796    0.032098943  -0.0098271984   0.0041010425     0.99864519
      1.0000000     -1.9959796    0.032098777  -0.0088248212   0.0041019516     0.99864505
      1.0000000     -1.9959796    0.032098611  -0.0094086735   0.0040998032     0.99864541
      1.0000000     -1.9959837    0.032065956  -0.0083797146   0.0040956314     0.99864679
      1.0000000     -1.9959817    0.032082052  -0.0080514257   0.0040975561     0.99864613
      1.0000000     -1.9959817    0.032081903  -0.0090595117   0.0040954187     0.99864649
      1.0000000     -1.9959858    0.032049365   -0.010066565   0.0040912642     0.99864787
      1.0000000     -1.9959898    0.032016893   -0.011071574   0.0040871180     0.99864924
      1.0000000     -1.9959878    0.032032973   -0.011545639   0.0040860064     0.99864909
      1.0000000     -1.9959919    0.032000583   -0.010520770   0.0040818740     0.99865046
      1.0000000     -1.9959960    0.031968259  -0.0094979757   0.0040777499     0.99865182
      1.0000000     -1.9960000    0.031936000  -0.0084772497   0.0040736341     0.99865319
      1.0000000     -1.9959919    0.032000388  -0.0074626263   0.0040755546     0.99865152
      1.0000000     -1.9959960    0.031968161  -0.0064460141   0.0040714494     0.99865288
      1.0000000     -1.9959879    0.032032387  -0.0057731855   0.0040733682     0.99865121
      1.0000000     -1.9959899    0.032016241  -0.0049712991   0.0040702751     0.99865206
      1.0000000     -1.9959859    0.032048225  -0.0058294769   0.0040762154     0.99865040
      1.0000000     -1.9959859    0.032048112  -0.0048542714   0.0040771348     0.99865025
      1.0000000     -1.9959859    0.032047999  -0.0048975904   0.0040750458     0.99865060
      1.0000000     -1.9959900    0.032015919  -0.0038896690   0.0040709658     0.99865196
      1.0000000     -1.9959920    0.031999871  -0.0028847695   0.0040708912     0.99865230
      1.0000000     -1.9959860    0.032047663  -0.0027212212   0.0040777967     0.99865015
      1.0000000     -1.9959900    0.032015680  -0.0037185000   0.0040737262     0.99865150
